K means output for cluster size : 10
Clusters index of points
[4 6 9 ..., 6 9 6]
Center of Clusters
[[  9.86001862e+01   9.85718661e+01   9.89612203e+01   9.90000000e+01
    3.85998415e-01   9.90000000e+01  -6.75237718e-01  -1.27930666e+00
    9.90000000e+01   9.88784271e+01   9.90000000e+01   9.89641601e+01
   -2.45030111e+00   9.89597187e+01  -2.61270206e+00  -3.91665214e+00
   -1.66570919e+00  -1.63104992e+00  -2.87856577e-01  -1.83830824e+00
    2.72822861e+01   9.88810222e+01   9.88813471e+01   9.89596791e+01
    9.89576981e+01   9.36332250e+01   4.28649366e+00   9.27847108e+01
    9.56429081e+00   9.88850990e+01   5.29504596e+01   4.32310222e+00
    9.89579675e+01   9.45800119e+01   3.71424723e+00   3.88305071e+00
    9.04623653e+01   9.00525436e+01   9.17000872e+01   9.09732964e+01
    9.19872425e+01   8.87461609e+01   9.15806260e+01   9.01877496e+01
    9.04944017e+01   8.93576426e+01   9.17803130e+01   8.74504477e+01
    2.90791521e+01   3.24061410e+00   9.15363986e+01   9.17366878e+01
    4.00225832e+00   7.53380824e+01   9.16730903e+01   7.69665254e+01
    9.15413233e+01   9.21468899e+01   9.22253883e+01   9.10287401e+01
    4.35279002e+01   8.51333597e+00   9.15613788e+01   9.17024049e+01
    9.99515055e+00   6.89766244e+00   9.08935618e+01   1.29696276e+01
    1.82615055e+01   9.06549643e+01   9.17896910e+01   9.03715887e+01
    9.15087242e+01   8.98586490e+01   9.13739065e+01   9.08002258e+01
    9.02206220e+01   9.17025158e+01   9.03099049e+01   9.20945919e+01
    9.13487718e+01   9.04078447e+01   9.12575475e+01   9.05200040e+01
    9.05598494e+01   9.15263312e+01   9.22291086e+01   8.99653685e+01
    9.18770959e+01   9.21417433e+01   9.21479952e+01   9.12202060e+01
    9.08780230e+01   9.23550396e+01   9.08451664e+01   9.16240016e+01
    9.13496949e+01   9.22456220e+01   9.10200119e+01   9.90000000e+01]
 [  9.85508170e+01   9.87599667e+01   9.90000000e+01   9.90000000e+01
    8.59862443e-01   9.90000000e+01  -3.92246769e-03  -9.44760317e-01
    9.90000000e+01   9.89183326e+01   9.87338724e+01   9.90000000e+01
   -2.51935390e+00   9.90000000e+01  -2.71712797e+00  -4.10057107e+00
   -1.47854940e+00  -2.17834931e+00  -7.57523968e-01  -1.76912047e+00
    9.81164610e+01   9.88368945e+01   9.89583285e+01   9.89158900e+01
    9.84917799e+01   9.75990163e+01   3.91114173e+01   9.85131055e+01
    3.62318049e+00   9.90000000e+01   9.87151188e+01   7.81838933e+01
    9.89551897e+01   9.79930221e+01   9.49934223e+01   4.73782576e+01
    9.12470279e+01   9.12910254e+01   9.18742143e+01   9.05763360e+01
    9.08558399e+01   8.92812547e+01   9.15569696e+01   9.00414714e+01
    9.20892414e+01   9.09442393e+01   9.05764777e+01   9.02518508e+01
    9.07341934e+01   3.10398916e+00   9.11277824e+01   9.10490996e+01
    6.84616382e+01   8.81689204e+01   9.13520634e+01   9.18231471e+01
    9.17159150e+01   9.02865652e+01   9.14469571e+01   9.17350313e+01
    8.69880909e+01   8.14496415e+01   9.06363360e+01   9.08321551e+01
    7.82798208e+01   8.84478449e+01   8.96811838e+01   8.36846769e+01
    8.86494915e+01   9.14270863e+01   9.11477824e+01   8.99779825e+01
    9.05682951e+01   9.16625386e+01   9.14584327e+01   9.19739100e+01
    9.07147978e+01   9.07203085e+01   9.13651105e+01   9.22090163e+01
    9.01031972e+01   9.13718299e+01   9.15559400e+01   9.11236974e+01
    9.17292455e+01   8.97092622e+01   9.19093956e+01   9.14904002e+01
    9.16236015e+01   9.17805919e+01   9.19208795e+01   9.13618549e+01
    9.07308337e+01   9.15738474e+01   9.11716215e+01   9.17315798e+01
    9.12458149e+01   9.01742184e+01   9.08509004e+01   9.90000000e+01]
 [  9.87509119e+01   9.85331399e+01   9.90000000e+01   9.90000000e+01
    1.24279793e+00   9.86465648e+01  -1.44347150e-01  -7.89103627e-01
    9.90000000e+01   9.81492021e+01   9.60726269e+01   9.84407876e+01
    1.11181347e-01   9.72526736e+01  -6.09378238e-02   4.40751295e-01
   -2.35518135e-01   2.58133679e+00   3.52596373e+00   1.66978238e+00
    9.04463212e+00   9.62546528e+01   9.87985699e+01   9.88954508e+01
    9.84147358e+01   7.93017876e+01   1.48804093e+01   3.91568135e+01
    3.52229171e+01   9.85958808e+01   9.66967668e+01   7.24109326e+00
    9.79357150e+01   9.08374870e+01   6.80186528e+00   6.58122280e+00
    9.11053834e+01   6.87801554e+01   7.34428912e+01   8.73760518e+01
    8.72013264e+01   4.94944560e+01   9.26031917e+01   9.10894974e+01
    9.14900311e+01   8.47773472e+01   8.05744352e+01   4.44970777e+01
    1.47434767e+01   5.28510881e+00   9.19233886e+01   9.16353005e+01
    8.79895337e+00   5.57726321e+01   9.02916373e+01   5.83173472e+01
    9.13222176e+01   9.04903161e+01   9.12866839e+01   9.03812487e+01
    4.34343264e+01   6.56573057e+00   9.07953938e+01   9.04503834e+01
    7.30190052e+01   1.86202332e+01   9.12148238e+01   1.94006736e+01
    1.76471606e+01   7.77569741e+01   9.19576425e+01   9.12425233e+01
    9.19058135e+01   9.19352021e+01   9.21974301e+01   9.11313316e+01
    9.07007047e+01   9.20845855e+01   9.20136321e+01   9.21734922e+01
    9.12947617e+01   9.25571865e+01   9.10573627e+01   9.26328446e+01
    9.21687306e+01   9.12835130e+01   9.16984093e+01   9.17008083e+01
    9.26136736e+01   9.25550000e+01   9.10332798e+01   9.14773627e+01
    9.18177254e+01   9.14991865e+01   9.11642332e+01   9.23192073e+01
    9.13398912e+01   9.21907927e+01   9.14428912e+01   9.90000000e+01]
 [  9.90000000e+01   9.88615312e+01   9.90000000e+01   9.90000000e+01
   -9.20080826e-01   9.90000000e+01  -2.09526269e+00  -2.61220925e+00
    9.90000000e+01   9.89584014e+01   9.90000000e+01   9.90000000e+01
   -4.15533902e+00   9.90000000e+01  -4.36563987e+00  -5.72947463e+00
   -2.87242479e+00  -3.83982937e+00  -2.84664571e+00  -3.93509654e+00
    6.89266457e+01   9.86338437e+01   9.87755007e+01   9.90000000e+01
    9.89578132e+01   9.85911450e+01   3.25964975e+00   9.87400718e+01
    3.25999102e+00   9.89545667e+01   2.19634172e+01   9.04515941e+00
    9.89585990e+01   9.77819892e+01   2.85781769e+00   2.04345757e+00
    9.28883071e+01   9.16329771e+01   9.07471262e+01   8.99859003e+01
    9.14976426e+01   8.96930445e+01   8.99620566e+01   9.08061159e+01
    9.04034621e+01   8.95632869e+01   9.20892007e+01   8.73809295e+01
    4.04908577e+01   5.30646161e+00   9.11836327e+01   9.09470184e+01
    2.06647957e+00   8.40215043e+01   9.08360844e+01   9.07497934e+01
    9.11632645e+01   8.97531522e+01   9.06383071e+01   9.16055321e+01
    8.42598788e+01   7.68867310e+01   9.03634396e+01   9.13278626e+01
    1.96955007e+01   7.80917333e+01   8.98257027e+01   6.21915986e+01
    3.31614414e+01   9.02747463e+01   9.14542119e+01   9.22786215e+01
    9.17265155e+01   9.22742479e+01   9.17648855e+01   9.06459811e+01
    9.11764616e+01   9.05777728e+01   9.03354468e+01   9.09019982e+01
    9.07990974e+01   9.19355680e+01   9.08707948e+01   9.13539829e+01
    9.05749573e+01   9.08009026e+01   9.17323574e+01   9.10301706e+01
    9.19974136e+01   9.05182308e+01   9.08791468e+01   9.14272205e+01
    9.09411226e+01   9.03820296e+01   9.03970858e+01   9.12279344e+01
    9.06357162e+01   9.11509385e+01   9.12453749e+01   9.90000000e+01]
 [  9.85538426e+01   9.82686407e+01   9.90000000e+01   9.90000000e+01
    5.49273889e-01   9.90000000e+01  -4.71112402e-01  -1.26325879e+00
    9.90000000e+01   9.82766889e+01   9.84105025e+01   9.90000000e+01
   -1.28905606e+00   9.84354720e+01  -1.38459483e+00  -1.79038920e+00
   -8.74164972e-01   3.03679930e-01   1.47475457e+00  -2.64937554e-01
    9.18551409e+01   9.86028899e+01   9.89412809e+01   9.90000000e+01
    9.86002411e+01   9.42251496e+01   1.99996253e+01   9.34821638e+01
    3.44894220e+01   9.90000000e+01   8.99941301e+01   1.41263055e+01
    9.89692448e+01   9.67792303e+01   2.70915161e+01   1.20199419e+01
    9.04766831e+01   9.08653558e+01   8.96669503e+01   9.02878798e+01
    9.09486146e+01   8.41839820e+01   9.12419460e+01   9.18184316e+01
    9.16221929e+01   8.52941592e+01   9.06460703e+01   8.38605489e+01
    5.22191141e+01   4.75835608e+00   9.18442027e+01   9.13564217e+01
    1.45184287e+01   7.43625879e+01   9.10977403e+01   8.66198257e+01
    9.13037496e+01   9.06480279e+01   9.15117485e+01   8.96571449e+01
    8.32104647e+01   8.59711589e+00   9.17210863e+01   9.09853471e+01
    8.10263665e+01   3.88860558e+01   9.09889050e+01   2.55095150e+01
    6.19540168e+01   9.16458873e+01   9.15834301e+01   9.16962242e+01
    9.16725182e+01   9.17020389e+01   9.07981383e+01   9.16801046e+01
    9.15306070e+01   9.16583038e+01   9.07244148e+01   9.08630439e+01
    9.18539384e+01   9.16318385e+01   9.18847662e+01   9.13803224e+01
    9.18599797e+01   9.09889283e+01   9.19449434e+01   9.12013941e+01
    9.21296166e+01   9.15435318e+01   9.16625675e+01   9.08089283e+01
    9.10571101e+01   9.08189922e+01   9.07448824e+01   9.10394714e+01
    9.13968719e+01   9.12817049e+01   9.13944060e+01   9.90000000e+01]
 [  9.89557696e+01   9.89121968e+01   9.90000000e+01   9.90000000e+01
    1.23777519e+00   9.89545056e+01   1.70485075e-01  -1.23708022e+00
    9.90000000e+01   9.89539832e+01   9.88651632e+01   9.89570382e+01
   -9.25531716e-01   9.90000000e+01  -8.18176306e-01  -8.75373134e-01
   -5.71944963e-01   8.94006530e-01   2.21802705e+00   5.74808769e-01
    9.67128871e+01   9.74130224e+01   9.89498834e+01   9.88567631e+01
    9.86444590e+01   9.74681250e+01   7.32244076e+01   9.76621688e+01
    8.93949440e+01   9.89575140e+01   9.86007276e+01   5.67254431e+01
    9.90000000e+01   9.76865765e+01   5.50722388e+01   8.08069636e+01
    9.07854618e+01   9.27535868e+01   9.19751166e+01   9.05691185e+01
    8.98209468e+01   8.60079291e+01   9.22041045e+01   9.15128731e+01
    8.99116884e+01   8.97738666e+01   9.09167024e+01   8.65719403e+01
    8.27607136e+01   3.66503731e+00   9.16926353e+01   9.17156996e+01
    7.15141604e+01   8.91796082e+01   9.00690858e+01   8.65131297e+01
    9.19118424e+01   9.12170336e+01   9.17833162e+01   9.13323507e+01
    8.90221922e+01   5.99895896e+01   9.24996082e+01   9.12052519e+01
    9.03810354e+01   7.77028778e+01   9.06320336e+01   8.50992584e+01
    8.35138106e+01   9.19484375e+01   9.19788433e+01   9.11268004e+01
    9.11543097e+01   9.09597901e+01   9.29999021e+01   9.21337034e+01
    9.10095662e+01   9.17053591e+01   9.23378545e+01   9.23603545e+01
    9.23829618e+01   9.19540299e+01   9.12001726e+01   9.14839646e+01
    9.08601679e+01   9.10036474e+01   9.09799860e+01   9.19645382e+01
    9.21092118e+01   9.07283349e+01   9.02092631e+01   9.14808862e+01
    9.00413713e+01   9.07642444e+01   9.16264412e+01   9.21075513e+01
    9.20290438e+01   9.10197435e+01   9.05681856e+01   9.90000000e+01]
 [  9.88397379e+01   9.73437177e+01   9.90000000e+01   9.90000000e+01
    8.39810484e-01   9.90000000e+01   5.98040323e-01  -5.63197581e-01
    9.90000000e+01   9.86814274e+01   8.97927137e+01   9.70040403e+01
   -1.68750000e+00   9.68749355e+01  -1.86260887e+00  -3.28396774e+00
   -1.04459274e+00  -6.45157258e-01   4.73919355e-01  -8.95701613e-01
    1.41736653e+01   9.77712056e+01   9.69134274e+01   9.90000000e+01
    9.75666976e+01   8.01284556e+01   5.85859677e+00   6.00133629e+01
    5.14779435e+00   9.87559395e+01   9.52852419e+00   3.44194758e+00
    9.88385242e+01   9.38638387e+01   5.40348790e+00   3.17265726e+00
    9.09624073e+01   8.78289556e+01   8.49064435e+01   8.58972339e+01
    8.91977903e+01   5.32786653e+01   9.20868710e+01   9.10299073e+01
    9.01499234e+01   7.83405161e+01   8.54367137e+01   7.62301210e+00
    7.58914516e+00   3.51167742e+00   9.18502298e+01   9.20700363e+01
    3.18022581e+00   1.72096532e+01   9.07647379e+01   2.65845202e+01
    9.20943629e+01   9.24182782e+01   9.27129315e+01   9.12923387e+01
    2.08305363e+01   4.32255645e+00   9.16141452e+01   9.15515202e+01
    1.46742339e+01   9.68451210e+00   9.14574194e+01   1.17375806e+01
    1.36763185e+01   8.96232621e+01   9.26836492e+01   9.24516613e+01
    9.27316855e+01   9.14593024e+01   9.27676532e+01   9.17016855e+01
    9.20273266e+01   9.21450242e+01   9.11910766e+01   9.25596734e+01
    9.18322863e+01   9.28664194e+01   9.16385363e+01   9.11958105e+01
    9.22756935e+01   9.17948710e+01   9.21354839e+01   9.19972056e+01
    9.23359032e+01   9.12833871e+01   9.07975040e+01   9.22456411e+01
    9.17823589e+01   9.22845403e+01   9.20852258e+01   9.17178790e+01
    9.14266250e+01   9.27258548e+01   9.09586895e+01   9.90000000e+01]
 [  9.88189019e+01   9.80900561e+01   9.90000000e+01   9.90000000e+01
   -1.55400467e+00   9.89558458e+01  -3.55759813e+00  -3.18547196e+00
    9.90000000e+01   9.89551682e+01   9.87244252e+01   9.66164112e+01
   -4.17336916e+00   9.68330701e+01  -4.37592056e+00  -5.65594860e+00
   -3.16206542e+00  -3.89244860e+00  -3.05788785e+00  -4.01964486e+00
    4.67705607e+00   9.75891308e+01   9.70571075e+01   9.90000000e+01
    9.87724299e+01   4.76522336e+01   3.35523364e+00   8.82614065e+01
    1.97783645e+00   9.86344486e+01   3.35679907e+00   3.87088318e+00
    9.89009206e+01   8.84545607e+01   2.39700467e+00   2.15019626e+00
    8.97159860e+01   8.95236075e+01   8.99364439e+01   8.97115981e+01
    9.12314953e+01   3.19125234e+00   9.14471402e+01   9.15009112e+01
    8.99109159e+01   7.39845374e+01   8.69873785e+01   9.25184019e+01
    1.56150981e+01   1.81659813e+00   9.09242383e+01   9.05052383e+01
    1.43009346e+00   1.60479206e+01   9.06243224e+01   2.81992196e+01
    9.07129252e+01   9.09158178e+01   9.29366682e+01   9.09465374e+01
    5.28479720e+01   1.23976636e+00   9.08147056e+01   9.12475935e+01
    5.72336916e+00   2.36528224e+01   9.06737570e+01   3.95149673e+01
    9.73362617e+00   9.06735701e+01   9.14551729e+01   9.08150701e+01
    9.13500607e+01   9.22222430e+01   9.18949019e+01   9.07496729e+01
    9.13270654e+01   9.24294626e+01   9.18786963e+01   9.17283178e+01
    9.19393645e+01   9.16954252e+01   9.18537430e+01   9.22099673e+01
    9.10070514e+01   9.12714766e+01   9.08907757e+01   9.19047570e+01
    9.14976636e+01   9.08248178e+01   9.15473505e+01   9.23000047e+01
    9.25848411e+01   9.11947103e+01   9.10586355e+01   9.07248692e+01
    9.14623458e+01   9.20946402e+01   9.10820748e+01   9.90000000e+01]
 [  9.87107919e+01   9.84644978e+01   9.90000000e+01   9.90000000e+01
    2.61991772e-01   9.90000000e+01  -4.39118958e-01  -1.28309222e+00
    9.90000000e+01   9.83088996e+01   9.77817895e+01   9.90000000e+01
   -2.57309907e+00   9.85545218e+01  -2.81844361e+00  -4.11626328e+00
   -1.61358245e+00  -2.18541995e+00  -6.67140898e-01  -1.82247515e+00
    9.05835070e+01   9.88953685e+01   9.88250497e+01   9.88981316e+01
    9.78049126e+01   9.69400926e+01   7.13642098e+00   9.67159033e+01
    1.65650154e+01   9.89343195e+01   9.75936544e+01   3.62625231e+01
    9.90000000e+01   9.83010010e+01   7.77413438e+00   8.14084333e+00
    9.13548372e+01   9.14761056e+01   9.11618649e+01   9.01247069e+01
    9.11564518e+01   9.09378128e+01   9.07723620e+01   9.05031676e+01
    9.03874837e+01   9.09886836e+01   9.06598286e+01   8.68709290e+01
    7.89256085e+01   4.17981145e+00   9.12769284e+01   9.16500240e+01
    2.86141550e+01   9.01298252e+01   9.13542955e+01   8.63516867e+01
    9.10371546e+01   9.15260782e+01   9.11709153e+01   9.18553617e+01
    9.01868529e+01   8.29537539e+01   9.11259959e+01   9.07021735e+01
    7.72103908e+01   8.11971135e+01   9.07231162e+01   9.05794618e+01
    9.23029997e+01   9.17252280e+01   9.18550874e+01   9.09053000e+01
    9.11984916e+01   9.10160782e+01   9.08968804e+01   9.07073946e+01
    8.99724580e+01   9.12603771e+01   9.09712410e+01   9.19717072e+01
    9.03705691e+01   9.17726157e+01   9.02064004e+01   9.16163798e+01
    9.16833356e+01   9.05945423e+01   9.16579088e+01   9.04784607e+01
    9.18030339e+01   9.09105314e+01   9.19236544e+01   9.09806651e+01
    9.06115084e+01   9.07621152e+01   9.11634487e+01   9.12914158e+01
    9.12775694e+01   9.16630922e+01   9.22050086e+01   9.90000000e+01]
 [  9.88248793e+01   9.88587637e+01   9.88575018e+01   9.88933760e+01
   -7.88076079e-01   9.88335589e+01  -2.89534016e+00  -3.07104974e+00
    9.89631309e+01   9.88323555e+01   9.88945282e+01   9.88008998e+01
   -3.00811997e+00   9.87597732e+01  -3.17081931e+00  -3.43209583e+00
   -2.02437454e+00  -1.62639722e+00  -4.41320410e-01  -2.05822238e+00
    9.40333687e+01   9.81446525e+01   9.88867520e+01   9.87847586e+01
    9.88240417e+01   9.69959546e+01   6.95123921e+01   9.75233358e+01
    6.46040051e+01   9.85435589e+01   9.88620483e+01   8.12958193e+01
    9.87467045e+01   9.82443745e+01   7.89142904e+01   6.47967447e+01
    9.04256511e+01   9.10846342e+01   9.07557535e+01   9.06385187e+01
    9.05413168e+01   8.71068215e+01   9.07065106e+01   9.02835625e+01
    9.15848464e+01   9.04732114e+01   9.20753255e+01   9.11481492e+01
    8.81664411e+01   9.90000000e+01   9.03189393e+01   9.08828822e+01
    6.29244221e+01   9.02104097e+01   9.01572568e+01   9.11374287e+01
    9.10795099e+01   9.13391880e+01   9.11922238e+01   9.16309437e+01
    9.02993380e+01   6.78881309e+01   9.08967593e+01   8.95517703e+01
    8.84498317e+01   9.04091441e+01   9.06335369e+01   8.54797879e+01
    9.00738917e+01   9.15823153e+01   9.06830724e+01   9.16827249e+01
    9.08615947e+01   9.11973372e+01   9.00238808e+01   9.05565069e+01
    9.13504426e+01   9.07478786e+01   9.07951573e+01   9.17045208e+01
    9.06966020e+01   9.09292136e+01   9.13023884e+01   9.08100658e+01
    8.99329517e+01   9.03669532e+01   9.10807644e+01   9.06530322e+01
    9.24388076e+01   9.15052926e+01   9.05968764e+01   9.20581968e+01
    9.17514228e+01   9.16561814e+01   9.17849268e+01   9.11952487e+01
    9.04493014e+01   9.19123884e+01   9.03265545e+01   9.88560241e+01]]
K means output for cluster size : 3
Clusters index of points
[0 0 0 2 0 0 0 0 1 0]
Center of Clusters
[[  9.90000000e+01   9.90000000e+01   9.90000000e+01   9.90000000e+01
   -1.13375000e+00   9.90000000e+01  -2.14250000e+00  -1.44500000e+00
    9.90000000e+01]
 [  8.20000000e+00   8.35000000e+00   9.90000000e+01   9.90000000e+01
    3.06000000e+00   9.90000000e+01  -6.89000000e+00  -9.76000000e+00
    9.90000000e+01]
 [  9.90000000e+01   5.00000000e-02   9.90000000e+01   9.90000000e+01
   -2.82000000e+00   9.90000000e+01  -4.85000000e+00  -8.70000000e-01
    9.90000000e+01]]
